1.251259
563.585314
193.304239
808.740501
585.009308
479.873043
350.291452
895.962401
822.840052
746.604816
174.108097
858.943449
710.501419
513.534959
303.994873
14.984588
91.402936
364.452040
147.312845
165.898618
988.525040
445.692312
119.083224
4.669332
8.911405
377.880184
531.662954
571.184423
601.763970
607.165746
166.234321
663.045137
450.788903
352.122562
57.039094
607.684561
783.318583
802.606281
519.882809
301.950133
875.972777
726.676229
955.900754
925.717948
539.353618
142.338328
462.080752
235.328227
862.239448
209.601123
779.656362
843.653676
996.795557
999.694815
611.499374
392.437513
266.212958
297.280801
840.144047
23.743400
375.865963
92.623676
677.205725
56.215094
8.789331
918.790246
275.887326
272.896512
587.908567
691.183203
837.611011
726.493118
484.939116
205.359050
743.736076
468.459120
457.960753
949.156163
744.438002
108.279672
599.047823
385.235145
735.007782
608.966338
572.405164
361.339152
151.554918
225.104526
425.153356
802.880947
517.105625
989.989929
751.548814
345.561083
168.980987
657.307657
491.897336
63.539537
699.758904
504.806665
