147.495956
949.583422
141.575365
905.117954
692.892239
303.048799
426.557207
70.375683
966.612751
683.187353
153.233436
877.254555
821.680349
582.049013
191.351054
177.892392
817.194128
475.264748
155.552843
503.921628
732.016968
405.590991
279.580065
568.742943
682.241279
755.851924
721.915342
475.295267
123.020112
367.809076
834.681234
35.096286
517.014069
662.984100
426.221503
104.678488
949.339274
921.384320
549.546800
345.988342
471.724601
374.980926
846.980193
316.873684
456.099124
271.889401
982.970672
297.799615
739.188818
567.278054
195.989868
761.314737
839.442122
397.656178
500.900296
890.163884
27.466659
994.628742
572.588275
50.508133
531.327250
194.067202
843.043306
626.758629
657.612842
197.851497
842.158269
123.325297
109.927671
743.125706
314.065981
941.068758
286.080508
336.313974
140.263070
733.085116
834.620197
707.998901
600.238044
747.215186
252.723777
144.474624
1.617481
61.006500
806.237983
852.626118
210.577715
115.604114
553.209021
14.252144
113.773003
454.512162
752.220222
686.147649
543.443098
73.885311
436.719871
201.940977
696.218757
290.353099
