NumIntervals,NumThreads,IntegralValue,ExecutionTime
1000,1,0.80487,7.84e-05
1000,2,0.80487,0.0005429
1000,3,0.80487,0.0002406
1000,4,0.80487,0.0002164
1000,5,0.80487,0.0002582
1000,6,0.80487,0.0002032
1000,7,0.80487,0.0002216
1000,8,0.80487,0.000209
1000,9,0.80487,0.0002687
1000,10,0.80487,0.0002524
1000,11,0.80487,0.0001975
1000,12,0.80487,0.0002614
1000,13,0.80487,0.0001956
1000,14,0.80487,0.0003125
1000,15,0.80487,0.0002192
1000,16,0.80487,0.0001871
1000,17,0.80487,0.0002417
1000,18,0.80487,0.0002437
1000,24,0.80487,0.0004295
1000,30,0.80487,0.0004875
1000,36,0.80487,0.0004487
1000,48,0.80487,0.0008211
1000,60,0.80487,0.0009412
1000,90,0.80487,0.0019884
1000,120,0.80487,0.0018407
1000,144,0.80487,0.0016952
10000,1,0.814901,0.0004769
10000,2,0.814901,0.0036752
10000,3,0.814901,0.0006235
10000,4,0.814901,0.0003796
10000,5,0.814901,0.000268
10000,6,0.814901,0.0002992
10000,7,0.814901,0.0003147
10000,8,0.814901,0.0002974
10000,9,0.814901,0.0002664
10000,10,0.814901,0.0003073
10000,11,0.814901,0.0002986
10000,12,0.814901,0.0003275
10000,13,0.814901,0.0003525
10000,14,0.814901,0.0002752
10000,15,0.814901,0.0002715
10000,16,0.814901,0.0002455
10000,17,0.814901,0.0004509
10000,18,0.814901,0.0004122
10000,24,0.814901,0.0005223
10000,30,0.814901,0.0005441
10000,36,0.814901,0.0005382
10000,48,0.814901,0.0010652
10000,60,0.814901,0.0014423
10000,90,0.814901,0.0039318
10000,120,0.814901,0.0074554
10000,144,0.814901,0.0151411
100000,1,0.815878,0.0048704
100000,2,0.815878,0.0057873
100000,3,0.815878,0.0039039
100000,4,0.815878,0.0018592
100000,5,0.815878,0.0023303
100000,6,0.815878,0.0018688
100000,7,0.815878,0.0018417
100000,8,0.815878,0.001931
100000,9,0.815878,0.0015643
100000,10,0.815878,0.0016212
100000,11,0.815878,0.0015573
100000,12,0.815878,0.0014682
100000,13,0.815878,0.001545
100000,14,0.815878,0.0014084
100000,15,0.815878,0.0028511
100000,16,0.815878,0.0021218
100000,17,0.815878,0.0020064
100000,18,0.815878,0.0017995
100000,24,0.815878,0.0018073
100000,30,0.815878,0.0018767
100000,36,0.815878,0.0018039
100000,48,0.815878,0.0028667
100000,60,0.815878,0.00203
100000,90,0.815878,0.0028044
100000,120,0.815878,0.0023238
100000,144,0.815878,0.0021784
1000000,1,0.815975,0.0458523
1000000,2,0.815975,0.0237363
1000000,3,0.815975,0.0164687
1000000,4,0.815975,0.013318
1000000,5,0.815975,0.0097141
1000000,6,0.815975,0.0104615
1000000,7,0.815975,0.0117107
1000000,8,0.815975,0.0121413
1000000,9,0.815975,0.0526694
1000000,10,0.815975,0.0248078
1000000,11,0.815975,0.0096462
1000000,12,0.815975,0.0089706
1000000,13,0.815975,0.0091281
1000000,14,0.815975,0.0134149
1000000,15,0.815975,0.0114016
1000000,16,0.815975,0.0103503
1000000,17,0.815975,0.0101428
1000000,18,0.815975,0.0113517
1000000,24,0.815975,0.0118115
1000000,30,0.815975,0.0127275
1000000,36,0.815975,0.0103883
1000000,48,0.815975,0.0161015
1000000,60,0.815975,0.0159269
1000000,90,0.815975,0.013897
1000000,120,0.815975,0.0105916
1000000,144,0.815975,0.0104938
10000000,1,0.815985,0.443273
10000000,2,0.815985,0.235087
10000000,3,0.815985,0.15603
10000000,4,0.815985,0.1225
10000000,5,0.815985,0.100983
10000000,6,0.815985,0.0909213
10000000,7,0.815985,0.0757994
10000000,8,0.815985,0.0873013
10000000,9,0.815985,0.103288
10000000,10,0.815985,0.0900908
10000000,11,0.815985,0.0809181
10000000,12,0.815985,0.0838724
10000000,13,0.815985,0.0878067
10000000,14,0.815985,0.0846454
10000000,15,0.815985,0.0800776
10000000,16,0.815985,0.0742404
10000000,17,0.815985,0.0929111
10000000,18,0.815985,0.0712619
10000000,24,0.815985,0.0662103
10000000,30,0.815985,0.0548225
10000000,36,0.815985,0.0807925
10000000,48,0.815985,0.064758
10000000,60,0.815985,0.0785575
10000000,90,0.815985,0.0768247
10000000,120,0.815985,0.0537768
10000000,144,0.815985,0.0649278
100000000,1,0.815986,4.46653
100000000,2,0.815986,2.33702
100000000,3,0.815986,1.58937
100000000,4,0.815986,1.23588
100000000,5,0.815986,0.985699
100000000,6,0.815986,0.902937
100000000,7,0.815986,0.949608
100000000,8,0.815986,0.910068
100000000,9,0.815986,0.805609
100000000,10,0.815986,0.80444
100000000,11,0.815986,0.794574
100000000,12,0.815986,0.670569
100000000,13,0.815986,0.668903
100000000,14,0.815986,0.675654
100000000,15,0.815986,0.656544
100000000,16,0.815986,0.734811
100000000,17,0.815986,0.79669
100000000,18,0.815986,0.590712
100000000,24,0.815986,0.946887
100000000,30,0.815986,0.650181
100000000,36,0.815986,0.615413
100000000,48,0.815986,0.683125
100000000,60,0.815986,0.697052
100000000,90,0.815986,0.765107
100000000,120,0.815986,0.75994
100000000,144,0.815986,0.666246
1000000000,1,0.815986,47.3247
1000000000,2,0.815986,23.2756
1000000000,3,0.815986,17.1369
1000000000,4,0.815986,12.7266
1000000000,5,0.815986,10.1607
1000000000,6,0.815986,8.57357
1000000000,7,0.815986,7.75676
1000000000,8,0.815986,7.92533
1000000000,9,0.815986,8.26081
1000000000,10,0.815986,7.79771
1000000000,11,0.815986,7.94108
1000000000,12,0.815986,7.67424
1000000000,13,0.815986,7.62146
1000000000,14,0.815986,6.04619
1000000000,15,0.815986,7.20563
1000000000,16,0.815986,6.90229
1000000000,17,0.815986,7.24383
1000000000,18,0.815986,7.65298
1000000000,24,0.815986,6.70798
1000000000,30,0.815986,6.56566
1000000000,36,0.815986,6.38809
1000000000,48,0.815986,6.61366
1000000000,60,0.815986,5.07989
1000000000,90,0.815986,5.24762
1000000000,120,0.815986,5.06553
1000000000,144,0.815986,4.88251
